110000 
75000 
160000 
115000 
110000 
75000 
110000 
105000 
160000 
0

110000 
384000 
117000
180000 
75000 
0
360000 
120000
110000
110000 
110000 
75000 
110000 
420000 
115000 
230000 
75000 
75000 
100000 
0
240000 
0
105000 
115000 
112000
332000
170000 
160000 
250000
350000 
75000 
75000 
172000
110000 
120000 
155000 
397000
380000 
155000 
155000 
180000 
205000
100000 
290000 
172000
105000 
75000 
75000 
155000 
110000 
480000
120000 
75000 
75000 
185000 
75000 
105000 
100000 
117000 
180000 
180000 
145000
145000
75000 
105000 
120000
160000 
110000 
110000 
75000 
110000 
105000 
180000 
115000
100000 
155000 
75000 
143000 
75000 
210000 
117000
167000
75000 
16000 

172000
105000 
75000 
230000 


197000
143000 
75000 
120000 
150000 
110000 
104000 
105000 
110000 
75000 
172000
155000 
120000
160000 
100000
75000 
112000
120000 
120000 
75000 
180000 
120000
120000 
75000 
75000 
105000 
155000 
117000
112000
120000
172000
120000
117000
117000
400000
332000
117000
117000
315000
117000
117000
145000
172000
120000

172000
120000
332000
145000
197000
135000
112000
250000
172000
117000
PROFE CAMILO
135000
145000

100000
172000
172000
110000
172000
172000
112000
397000
397000
197000
172000
112000
397000
112000
117000
130000
133000
185000
120000
250000
112000
117000
120000
435000
110000
117000
172000
172000
117000
100000
145000
452000
16000
168000
145000
105000
397000
117000
320000
197000
197000
100000
90000
90000
125000
120000
397000
135000
480000
112000
172000
280000
145000
75000
172000
145000
397000
172000
197000
172000
117000
85000
117000
55000
105000
172000
132000
332000
145000
145000
105000
112000
75000
75000
100000
197000
197000
197000
197000
405800
405800
75000
145000
172000
172000
172000
112000
145000
75000
3185563967


125000
172000


3123305572 - CAJA YA

397000
120000
415000
197000
75000
197000
197000
197000
197000
197000
117000
332000
75000
172000
112000
3202770144

3118149021



ALBERTO VIDRIOS


